v3.0 hex words addressed
00: 8008 2810 0000 0000 0000 0000 0000 0000 8008 2810 9000 2400 0000 0000 0000 0000 
10: 8008 2810 9000 2040 0501 0000 0000 0000 8008 2810 9000 2040 0581 0000 0000 0000 
20: 8008 2810 9000 4200 0000 0000 0000 0000 8008 2810 1400 0000 0000 0000 0000 0000 
30: 8008 2810 1004 0000 0000 0000 0000 0000 8008 2810 0000 0000 0000 0000 0000 0000 
40: 8008 2810 0000 0000 0000 0000 0000 0000 8008 2810 0000 0000 0000 0000 0000 0000 
50: 8008 2810 0000 0000 0000 0000 0000 0000 8008 2810 0000 0000 0000 0000 0000 0000 
60: 8008 2810 0000 0000 0000 0000 0000 0000 8008 2810 0000 0000 0000 0000 0000 0000 
70: 8008 2810 0220 0000 0000 0000 0000 0000 8008 2810 0002 0000 0000 0000 0000 0000 
80: 8008 2810 0000 0000 0000 0000 0000 0000 8008 2810 9000 2400 0000 0000 0000 0000 
90: 8008 2810 9000 2040 0501 0000 0000 0000 8008 2810 9000 2040 0581 0000 0000 0000 
a0: 8008 2810 9000 4200 0000 0000 0000 0000 8008 2810 1400 0000 0000 0000 0000 0000 
b0: 8008 2810 1004 0000 0000 0000 0000 0000 8008 2810 0000 0000 0000 0000 0000 0000 
c0: 8008 2810 0000 0000 0000 0000 0000 0000 8008 2810 0000 0000 0000 0000 0000 0000 
d0: 8008 2810 0000 0000 0000 0000 0000 0000 8008 2810 0000 0000 0000 0000 0000 0000 
e0: 8008 2810 0000 0000 0000 0000 0000 0000 8008 2810 0000 0000 0000 0000 0000 0000 
f0: 8008 2810 0220 0000 0000 0000 0000 0000 8008 2810 0002 0000 0000 0000 0000 0000 
100: 8008 2810 0000 0000 0000 0000 0000 0000 8008 2810 9000 2400 0000 0000 0000 0000 
110: 8008 2810 9000 2040 0501 0000 0000 0000 8008 2810 9000 2040 0581 0000 0000 0000 
120: 8008 2810 9000 4200 0000 0000 0000 0000 8008 2810 1400 0000 0000 0000 0000 0000 
130: 8008 2810 1004 0000 0000 0000 0000 0000 8008 2810 0000 0000 0000 0000 0000 0000 
140: 8008 2810 0000 0000 0000 0000 0000 0000 8008 2810 0000 0000 0000 0000 0000 0000 
150: 8008 2810 0000 0000 0000 0000 0000 0000 8008 2810 0000 0000 0000 0000 0000 0000 
160: 8008 2810 0000 0000 0000 0000 0000 0000 8008 2810 0000 0000 0000 0000 0000 0000 
170: 8008 2810 0220 0000 0000 0000 0000 0000 8008 2810 0002 0000 0000 0000 0000 0000 
180: 8008 2810 0000 0000 0000 0000 0000 0000 8008 2810 9000 2400 0000 0000 0000 0000 
190: 8008 2810 9000 2040 0501 0000 0000 0000 8008 2810 9000 2040 0581 0000 0000 0000 
1a0: 8008 2810 9000 4200 0000 0000 0000 0000 8008 2810 1400 0000 0000 0000 0000 0000 
1b0: 8008 2810 1004 0000 0000 0000 0000 0000 8008 2810 0000 0000 0000 0000 0000 0000 
1c0: 8008 2810 0000 0000 0000 0000 0000 0000 8008 2810 0000 0000 0000 0000 0000 0000 
1d0: 8008 2810 0000 0000 0000 0000 0000 0000 8008 2810 0000 0000 0000 0000 0000 0000 
1e0: 8008 2810 0000 0000 0000 0000 0000 0000 8008 2810 0000 0000 0000 0000 0000 0000 
1f0: 8008 2810 0220 0000 0000 0000 0000 0000 8008 2810 0002 0000 0000 0000 0000 0000 
200: 8008 2810 0000 0000 0000 0000 0000 0000 8008 2810 9000 2400 0000 0000 0000 0000 
210: 8008 2810 9000 2040 0501 0000 0000 0000 8008 2810 9000 2040 0581 0000 0000 0000 
220: 8008 2810 9000 4200 0000 0000 0000 0000 8008 2810 1400 0000 0000 0000 0000 0000 
230: 8008 2810 1004 0000 0000 0000 0000 0000 8008 2810 0000 0000 0000 0000 0000 0000 
240: 8008 2810 0000 0000 0000 0000 0000 0000 8008 2810 0000 0000 0000 0000 0000 0000 
250: 8008 2810 0000 0000 0000 0000 0000 0000 8008 2810 0000 0000 0000 0000 0000 0000 
260: 8008 2810 0000 0000 0000 0000 0000 0000 8008 2810 0000 0000 0000 0000 0000 0000 
270: 8008 2810 0220 0000 0000 0000 0000 0000 8008 2810 0002 0000 0000 0000 0000 0000 
280: 8008 2810 0000 0000 0000 0000 0000 0000 8008 2810 9000 2400 0000 0000 0000 0000 
290: 8008 2810 9000 2040 0501 0000 0000 0000 8008 2810 9000 2040 0581 0000 0000 0000 
2a0: 8008 2810 9000 4200 0000 0000 0000 0000 8008 2810 1400 0000 0000 0000 0000 0000 
2b0: 8008 2810 1004 0000 0000 0000 0000 0000 8008 2810 0000 0000 0000 0000 0000 0000 
2c0: 8008 2810 0000 0000 0000 0000 0000 0000 8008 2810 0000 0000 0000 0000 0000 0000 
2d0: 8008 2810 0000 0000 0000 0000 0000 0000 8008 2810 0000 0000 0000 0000 0000 0000 
2e0: 8008 2810 0000 0000 0000 0000 0000 0000 8008 2810 0000 0000 0000 0000 0000 0000 
2f0: 8008 2810 0220 0000 0000 0000 0000 0000 8008 2810 0002 0000 0000 0000 0000 0000 
300: 8008 2810 0000 0000 0000 0000 0000 0000 8008 2810 9000 2400 0000 0000 0000 0000 
310: 8008 2810 9000 2040 0501 0000 0000 0000 8008 2810 9000 2040 0581 0000 0000 0000 
320: 8008 2810 9000 4200 0000 0000 0000 0000 8008 2810 1400 0000 0000 0000 0000 0000 
330: 8008 2810 1004 0000 0000 0000 0000 0000 8008 2810 0000 0000 0000 0000 0000 0000 
340: 8008 2810 0000 0000 0000 0000 0000 0000 8008 2810 0000 0000 0000 0000 0000 0000 
350: 8008 2810 0000 0000 0000 0000 0000 0000 8008 2810 0000 0000 0000 0000 0000 0000 
360: 8008 2810 0000 0000 0000 0000 0000 0000 8008 2810 0000 0000 0000 0000 0000 0000 
370: 8008 2810 0220 0000 0000 0000 0000 0000 8008 2810 0002 0000 0000 0000 0000 0000 
380: 8008 2810 0000 0000 0000 0000 0000 0000 8008 2810 9000 2400 0000 0000 0000 0000 
390: 8008 2810 9000 2040 0501 0000 0000 0000 8008 2810 9000 2040 0581 0000 0000 0000 
3a0: 8008 2810 9000 4200 0000 0000 0000 0000 8008 2810 1400 0000 0000 0000 0000 0000 
3b0: 8008 2810 1004 0000 0000 0000 0000 0000 8008 2810 0000 0000 0000 0000 0000 0000 
3c0: 8008 2810 0000 0000 0000 0000 0000 0000 8008 2810 0000 0000 0000 0000 0000 0000 
3d0: 8008 2810 0000 0000 0000 0000 0000 0000 8008 2810 0000 0000 0000 0000 0000 0000 
3e0: 8008 2810 0000 0000 0000 0000 0000 0000 8008 2810 0000 0000 0000 0000 0000 0000 
3f0: 8008 2810 0220 0000 0000 0000 0000 0000 8008 2810 0002 0000 0000 0000 0000 0000 
400: 